Webots Project File version R2023a
perspectives: 000000ff00000000fd00000002000000010000023d000002a2fc0200000001fb0000001400540065007800740045006400690074006f00720100000000000002a20000008b00ffffff00000003000005a3000000d6fc0100000001fb0000001a0043006f006e0073006f006c00650041006c006c0041006c006c0100000000000005a30000008700ffffff00000364000002a200000001000000020000000100000008fc00000000
simulationViewPerspectives: 000000ff0000000100000002000000000000034c0100000002010000000100
sceneTreePerspectives: 000000ff00000001000000030000001e000000c0000000fc0100000002010000000200
minimizedPerspectives: 000000ff00000000fd00000002000000010000034000000316fc0200000001fb0000001400540065007800740045006400690074006f00720100000000000003160000008b00ffffff0000000300000690000000e7fc0100000001fb0000001a0043006f006e0073006f006c00650041006c006c0041006c006c0100000000000006900000008700ffffff0000034e0000031600000001000000020000000100000008fc00000000
maximizedDockId: -1
centralWidgetVisible: 1
orthographicViewHeight: 1
textFiles: 0 "controllers/grocery_shopper/grocery_shopper.py"
globalOptionalRendering: CameraFrustums
consoles: Console:All:All
renderingDevicePerspectives: TIAGo Steel:camera;1;1.13333;0;0.00167504
renderingDevicePerspectives: TIAGo Steel:display;1;0.74296;0.621005;0.0716619
