Webots Project File version R2023a
perspectives: 000000ff00000000fd00000001000000010000026a000003fffc0200000002fb0000001400540065007800740045006400690074006f00720100000000000003620000008b00fffffffb0000001a0043006f006e0073006f006c00650041006c006c0041006c006c01000003640000009b0000003900ffffff00000424000003ff00000001000000020000000100000008fc00000000
simulationViewPerspectives: 000000ff000000010000000200000000000003180100000002010000000100
sceneTreePerspectives: 000000ff00000001000000030000001e000000c0000000fc0100000002010000000200
minimizedPerspectives: 000000ff00000000fd00000002000000010000034000000316fc0200000001fb0000001400540065007800740045006400690074006f00720100000000000003160000008b00ffffff0000000300000690000000e7fc0100000001fb0000001a0043006f006e0073006f006c00650041006c006c0041006c006c0100000000000006900000008700ffffff0000034e0000031600000001000000020000000100000008fc00000000
maximizedDockId: -1
centralWidgetVisible: 1
orthographicViewHeight: 1
textFiles: 0 "controllers/grocery_shopper/grocery_shopper.py"
globalOptionalRendering: LightSensorRays
consoles: Console:All:All
renderingDevicePerspectives: TIAGo Steel:camera;1;1.0375;0;0.00167504
renderingDevicePerspectives: TIAGo Steel:display;1;0.691667;0;0.149532
